Kecamatan,Perempuan_Bekerja,Tahun,Jumlah Perempuan,Persentase Perempuan Bekerja
KARANG PILANG,2037,2023,38211,5.330925649682029
WONOCOLO,2119,2023,40529,5.2283550050581065
RUNGKUT,3497,2023,61757,5.662515990090192
WONOKROMO,5221,2023,78994,6.609362736410359
TEGALSARI,3236,2023,49888,6.48652982681206
SAWAHAN,5570,2023,100891,5.520809586583541
GENTENG,2067,2023,29963,6.898508160064079
GUBENG,5005,2023,68501,7.306462679376943
SUKOLILO,3202,2023,58306,5.491716118409769
TAMBAKSARI,6173,2023,114818,5.376334721036772
SIMOKERTO,2608,2023,46566,5.600652836833742
PABEAN CANTIAN,1781,2023,37590,4.737962223995743
BUBUTAN,2691,2023,49146,5.475521914296179
TANDES,2426,2023,46715,5.193192764636626
KREMBANGAN,2610,2023,58058,4.495504495504496
SEMAMPIR,2680,2023,91004,2.9449254977803174
KENJERAN,2815,2023,90083,3.1248959293096368
LAKARSANTRI,1076,2023,32047,3.357568571161107
BENOWO,1490,2023,36709,4.0589501212236785
WIYUNG,1817,2023,37901,4.794068758080262
DUKUH PAKIS,1592,2023,30096,5.289739500265815
GAYUNGAN,1401,2023,22514,6.222794705516567
JAMBANGAN,1407,2023,27373,5.140101559931319
TENGGILIS MEJOYO,1641,2023,29996,5.470729430590746
GUNUNG ANYAR,1698,2023,31113,5.457525793076849
MULYOREJO,2499,2023,44545,5.610057245482096
SUKOMANUNGGAL,2321,2023,52756,4.399499582985821
ASEM ROWO,802,2023,23814,3.367766859830352
BULAK,953,2023,23669,4.0263635979551315
PAKAL,1297,2023,31175,4.160384923817161
SAMBIKEREP,1348,2023,34200,3.941520467836257
KARANG PILANG,2005,2024,38212,5.247042813775777
WONOCOLO,2133,2024,40549,5.260302350242916
RUNGKUT,3597,2024,62621,5.744079462161256
WONOKROMO,5173,2024,78272,6.609004497138185
TEGALSARI,3235,2024,49486,6.537202441094451
SAWAHAN,5560,2024,100442,5.535532944385815
GENTENG,2061,2024,29700,6.9393939393939394
GUBENG,4941,2024,67726,7.295573339633228
SUKOLILO,3235,2024,58816,5.500204026115343
TAMBAKSARI,6198,2024,114722,5.402625477240633
SIMOKERTO,2562,2024,46298,5.53371635923798
PABEAN CANTIAN,1797,2024,37249,4.824290584982148
BUBUTAN,2701,2024,48782,5.53687835677094
TANDES,2419,2024,46685,5.181535825211523
KREMBANGAN,2586,2024,57772,4.476216852454476
SEMAMPIR,2709,2024,91469,2.9616591413484348
KENJERAN,2848,2024,92099,3.092324563784623
LAKARSANTRI,1124,2024,32586,3.4493340698459463
BENOWO,1523,2024,37477,4.063825813165408
WIYUNG,1856,2024,38454,4.826546003016592
DUKUH PAKIS,1594,2024,29996,5.314041872249634
GAYUNGAN,1406,2024,22447,6.263643248541008
JAMBANGAN,1389,2024,27384,5.072304995617879
TENGGILIS MEJOYO,1640,2024,29950,5.475792988313857
GUNUNG ANYAR,1728,2024,31557,5.475805684951041
MULYOREJO,2533,2024,44948,5.635400907715582
SUKOMANUNGGAL,2370,2024,52427,4.520571461269957
ASEM ROWO,813,2024,24205,3.3588101631894234
BULAK,970,2024,24042,4.0346061059812
PAKAL,1346,2024,32138,4.188188437363868
SAMBIKEREP,1395,2024,34777,4.011271817580584
KARANG PILANG,1980,2025,38015,5.208470340655005
WONOCOLO,2083,2025,40310,5.167452245100471
RUNGKUT,3579,2025,62865,5.693151992364591
WONOKROMO,5083,2025,77231,6.581554039181158
TEGALSARI,3169,2025,48898,6.4808376620720685
SAWAHAN,5509,2025,99622,5.529903033466503
GENTENG,2051,2025,29239,7.014603782619104
GUBENG,4873,2025,67099,7.262403314505432
SUKOLILO,3204,2025,58849,5.44444255637309
TAMBAKSARI,6155,2025,114286,5.385611535971161
SIMOKERTO,2479,2025,45571,5.439863070812578
PABEAN CANTIAN,1737,2025,36562,4.7508341994420435
BUBUTAN,2663,2025,48248,5.519399767866026
TANDES,2384,2025,46315,5.147360466371586
KREMBANGAN,2512,2025,57321,4.382338061094538
SEMAMPIR,2658,2025,90682,2.9311219426126462
KENJERAN,2879,2025,92631,3.1080307888287937
LAKARSANTRI,1127,2025,32829,3.4329403880715224
BENOWO,1508,2025,37919,3.9768981249505524
WIYUNG,1845,2025,38613,4.778183513324528
DUKUH PAKIS,1569,2025,29896,5.248193738292748
GAYUNGAN,1393,2025,22240,6.263489208633094
JAMBANGAN,1387,2025,27362,5.069073898106864
TENGGILIS MEJOYO,1630,2025,29835,5.463381933970169
GUNUNG ANYAR,1738,2025,31719,5.479365679876415
MULYOREJO,2527,2025,44807,5.639743790032807
SUKOMANUNGGAL,2324,2025,51704,4.494816648615195
ASEM ROWO,798,2025,24199,3.2976569279722305
BULAK,977,2025,24196,4.03785749710696
PAKAL,1343,2025,32627,4.116222760290557
SAMBIKEREP,1411,2025,35093,4.0207448778958765
